Number, Frequency, Cell
1, 50, 6
2, 100, 4
3, 50, 8
4, 50, 6
5, 100, 1
6, 10, 3
7, 50, 7
8, 200, 5
9, 10, 0
10, 100, 7
11, 10, 2
12, 10, 4
13, 10, 1
14, 50, 7
15, 100, 6
16, 200, 3
17, 200, 7
18, 10, 2
19, 200, 6
20, 10, 0
21, 50, 8
22, 200, 7
23, 50, 6
24, 50, 0
25, 50, 8
26, 200, 4
27, 10, 0
28, 100, 7
29, 10, 6
30, 200, 8
31, 200, 6
32, 50, 3
33, 50, 6
34, 100, 8
35, 50, 1
36, 100, 8
37, 50, 0
38, 50, 1
39, 50, 7
40, 50, 2
41, 50, 5
42, 50, 8
43, 100, 0
44, 10, 7
45, 10, 6
46, 50, 7
47, 200, 1
48, 200, 8
49, 50, 4
50, 100, 8
51, 200, 3
52, 100, 7
53, 100, 2
54, 10, 1
55, 200, 2
56, 200, 5
57, 200, 0
58, 10, 3
59, 50, 4
60, 200, 6
61, 10, 2
62, 10, 1
63, 10, 8
64, 100, 5
65, 100, 6
66, 100, 7
67, 200, 0
68, 200, 7
69, 200, 5
70, 50, 3
71, 50, 5
72, 200, 7
73, 10, 1
74, 10, 3
75, 10, 6
76, 100, 5
77, 200, 6
78, 200, 0
79, 10, 8
80, 50, 0
81, 200, 5
82, 10, 2
83, 10, 6
84, 10, 0
85, 50, 5
86, 50, 4
87, 200, 0
88, 10, 8
89, 200, 1
90, 200, 8
91, 200, 4
92, 50, 0
93, 10, 7
94, 10, 8
95, 100, 0
96, 50, 3
97, 100, 2
98, 100, 3
99, 200, 1
100, 50, 4
101, 50, 2
102, 200, 1
103, 10, 5
104, 100, 0
105, 50, 1
106, 100, 4
107, 200, 3
108, 200, 8
109, 10, 3
110, 50, 1
111, 100, 8
112, 200, 2
113, 100, 3
114, 50, 5
115, 10, 7
116, 10, 4
117, 100, 1
118, 200, 4
119, 100, 3
120, 100, 5
121, 100, 1
122, 100, 6
123, 50, 3
124, 50, 2
125, 100, 6
126, 200, 4
127, 100, 1
128, 100, 2
129, 100, 0
130, 100, 5
131, 100, 3
132, 10, 5
133, 10, 7
134, 200, 3
135, 10, 4
136, 100, 2
137, 10, 4
138, 10, 5
139, 50, 2
140, 10, 5
141, 100, 4
142, 200, 2
143, 100, 4
144, 200, 2
