Number, Frequency, Cell, Response
1, 200, 2, 2
2, 10, 3, 3
3, 200, 1, 2
4, 200, 4, 4
5, 100, 3, 3
6, 1, 4, 4
7, 10, 3, 3
8, 10, 4, 4
9, 100, 3, 3
10, 100, 1, 1
11, 200, 3, 3
12, 200, 1, 1
13, 100, 2, 2
14, 1, 4, 4
15, 100, 1, 1
16, 1, 2, 2
17, 1, 3, 3
18, 200, 2, 2
19, 10, 4, 4
20, 100, 2, 2
21, 100, 3, 3
22, 100, 4, 4
23, 200, 1, 1
24, 200, 4, 4
25, 10, 3, 3
26, 100, 2, 2
27, 100, 1, 1
28, 10, 4, 4
29, 200, 2, 2
30, 10, 1, 1
31, 1, 3, 3
32, 200, 1, 1
33, 100, 3, 3
34, 10, 2, 2
35, 10, 4, 4
36, 10, 2, 2
37, 1, 3, 3
38, 100, 4, 4
39, 1, 2, 2
40, 200, 3, 3
41, 100, 1, 1
42, 100, 2, 2
43, 200, 3, 3
44, 1, 2, 2
45, 10, 1, 1
46, 100, 4, 4
47, 1, 2, 2
48, 10, 1, 1
49, 1, 4, 4
50, 200, 2, 2
51, 1, 1, 1
52, 10, 3, 3
53, 100, 4, 4
54, 10, 1, 1
55, 1, 4, 4
56, 200, 3, 3
57, 200, 4, 4
58, 1, 3, 3
59, 1, 1, 1
60, 200, 4, 4
61, 10, 2, 2
62, 1, 1, 1
63, 10, 2, 2
64, 1, 1, 1
