Number, Frequency, Cell, Response
1, 200, 3, 3
2, 10, 5, 5
3, 10, 6, 6
4, 200, 7, 7
5, 10, 5, 5
6, 200, 4, 4
7, 100, 5, 5
8, 50, 2, 2
9, 50, 7, 7
10, 10, 1, 1
11, 200, 7, 5
12, 100, 1, 1
13, 100, 5, 5
14, 100, 2, 2
15, 200, 5, 5
16, 200, 6, 6
17, 100, 4, 4
18, 50, 1, 1
19, 200, 0, 0
20, 200, 5, 5
21, 10, 8, 8
22, 100, 7, 7
23, 50, 1, 1
24, 100, 7, 7
25, 50, 4, 4
26, 200, 6, 6
27, 10, 5, 5
28, 50, 8, 7
29, 10, 7, 8
30, 10, 6, 6
31, 50, 0, 0
32, 10, 2, 2
33, 50, 5, 7
34, 50, 6, 7
35, 50, 4, 4
36, 100, 3, 0
37, 50, 8, 8
38, 50, 5, 7
39, 50, 6, 6
40, 10, 1, 3
41, 200, 5, 7
42, 10, 0, 0
43, 200, 1, 3
44, 200, 7, 6
45, 100, 1, 3
46, 100, 6, 3
47, 10, 0, 0
48, 10, 7, 7
49, 200, 0, 6
50, 50, 6, 6
51, 200, 0, 0
52, 10, 6, 6
53, 200, 8, 8
54, 50, 5, 6
55, 10, 4, 5
56, 200, 8, 4
57, 10, 6, 7
58, 200, 5, 7
59, 200, 8, 7
60, 200, 6, 7
61, 10, 8, 7
62, 10, 0, 7
63, 10, 8, 6
64, 50, 7, 7
65, 10, 5, 7
66, 100, 3, 5
67, 100, 4, 6
68, 10, 0, 1
69, 50, 5, 7
70, 50, 7, 5
71, 100, 1, 6
72, 200, 6, 8
73, 50, 2, 6
74, 200, 8, 8
75, 50, 7, 6
76, 10, 1, 7
77, 50, 4, 6
78, 200, 0, 7
79, 50, 1, 6
80, 50, 3, 7
81, 100, 0, 6
82, 200, 4, 3
83, 50, 0, 2
84, 100, 6, 6
85, 100, 8, 6
86, 10, 7, 1
87, 100, 0, 5
88, 50, 6, 6
89, 200, 7, 7
90, 200, 4, 8
91, 100, 1, 6
92, 100, 3, 8
93, 50, 8, 6
94, 50, 1, 8
95, 200, 3, 6
96, 100, 8, 8
97, 50, 0, 6
98, 10, 4, 7
99, 100, 6, 8
100, 100, 8, 6
101, 200, 2, 3
102, 10, 3, 4
103, 100, 5, 3
104, 100, 7, 6
105, 100, 5, 7
106, 100, 7, 3
107, 100, 0, 6
108, 100, 6, 3
109, 10, 7, 7
110, 10, 4, 1
111, 50, 8, 5
112, 200, 2, 3
113, 50, 0, 7
114, 200, 2, 5
115, 50, 3, 6
116, 50, 2, 3
117, 10, 4, 5
118, 100, 2, 6
119, 50, 3, 3
120, 200, 1, 7
121, 100, 0, 1
122, 50, 4, 5
123, 50, 2, 6
124, 50, 3, 3
125, 200, 1, 5
126, 200, 4, 1
127, 10, 8, 6
128, 100, 4, 1
129, 100, 2, 1
130, 200, 3, 1
131, 10, 2, 6
132, 100, 3, 1
133, 10, 2, 1
134, 200, 3, 6
135, 200, 1, 2
136, 10, 3, 6
137, 10, 2, 7
138, 10, 1, 6
139, 200, 2, 3
140, 10, 3, 7
141, 100, 4, 6
142, 10, 3, 6
143, 100, 8, 7
144, 100, 2, 4
