Number, Frequency, Cell
1, 200, 3
2, 10, 5
3, 10, 6
4, 200, 7
5, 10, 5
6, 200, 4
7, 100, 5
8, 50, 2
9, 50, 7
10, 10, 1
11, 200, 7
12, 100, 1
13, 100, 5
14, 100, 2
15, 200, 5
16, 200, 6
17, 100, 4
18, 50, 1
19, 200, 0
20, 200, 5
21, 10, 8
22, 100, 7
23, 50, 1
24, 100, 7
25, 50, 4
26, 200, 6
27, 10, 5
28, 50, 8
29, 10, 7
30, 10, 6
31, 50, 0
32, 10, 2
33, 50, 5
34, 50, 6
35, 50, 4
36, 100, 3
37, 50, 8
38, 50, 5
39, 50, 6
40, 10, 1
41, 200, 5
42, 10, 0
43, 200, 1
44, 200, 7
45, 100, 1
46, 100, 6
47, 10, 0
48, 10, 7
49, 200, 0
50, 50, 6
51, 200, 0
52, 10, 6
53, 200, 8
54, 50, 5
55, 10, 4
56, 200, 8
57, 10, 6
58, 200, 5
59, 200, 8
60, 200, 6
61, 10, 8
62, 10, 0
63, 10, 8
64, 50, 7
65, 10, 5
66, 100, 3
67, 100, 4
68, 10, 0
69, 50, 5
70, 50, 7
71, 100, 1
72, 200, 6
73, 50, 2
74, 200, 8
75, 50, 7
76, 10, 1
77, 50, 4
78, 200, 0
79, 50, 1
80, 50, 3
81, 100, 0
82, 200, 4
83, 50, 0
84, 100, 6
85, 100, 8
86, 10, 7
87, 100, 0
88, 50, 6
89, 200, 7
90, 200, 4
91, 100, 1
92, 100, 3
93, 50, 8
94, 50, 1
95, 200, 3
96, 100, 8
97, 50, 0
98, 10, 4
99, 100, 6
100, 100, 8
101, 200, 2
102, 10, 3
103, 100, 5
104, 100, 7
105, 100, 5
106, 100, 7
107, 100, 0
108, 100, 6
109, 10, 7
110, 10, 4
111, 50, 8
112, 200, 2
113, 50, 0
114, 200, 2
115, 50, 3
116, 50, 2
117, 10, 4
118, 100, 2
119, 50, 3
120, 200, 1
121, 100, 0
122, 50, 4
123, 50, 2
124, 50, 3
125, 200, 1
126, 200, 4
127, 10, 8
128, 100, 4
129, 100, 2
130, 200, 3
131, 10, 2
132, 100, 3
133, 10, 2
134, 200, 3
135, 200, 1
136, 10, 3
137, 10, 2
138, 10, 1
139, 200, 2
140, 10, 3
141, 100, 4
142, 10, 3
143, 100, 8
144, 100, 2
