Number, Frequency, Cell, Response
1, 200, 2, 2
2, 10, 3, 3
3, 200, 1, 1
4, 200, 4, 1
5, 100, 3, 4
6, 1, 4, 3
7, 10, 3, 4
8, 10, 4, 3
9, 100, 3, 4
10, 100, 1, 3
11, 200, 3, 1
12, 200, 1, 3
13, 100, 2, 1
14, 1, 4, 2
15, 100, 1, 3
16, 1, 2, 1
17, 1, 3, 2
18, 200, 2, 3
19, 10, 4, 2
20, 100, 2, 4
21, 100, 3, 2
22, 100, 4, 3
23, 200, 1, 4
24, 200, 4, 1
25, 10, 3, 4
26, 100, 2, 3
27, 100, 1, 2
28, 10, 4, 1
29, 200, 2, 4
30, 10, 1, 2
31, 1, 3, 1
32, 200, 1, 3
33, 100, 3, 1
34, 10, 2, 3
35, 10, 4, 2
36, 10, 2, 4
37, 1, 3, 2
38, 100, 4, 3
39, 1, 2, 4
40, 200, 3, 2
41, 100, 1, 3
42, 100, 2, 1
43, 200, 3, 2
44, 1, 2, 3
45, 10, 1, 2
46, 100, 4, 1
47, 1, 2, 4
48, 10, 1, 2
49, 1, 4, 1
50, 200, 2, 4
51, 1, 1, 2
52, 10, 3, 1
53, 100, 4, 3
54, 10, 1, 4
55, 1, 4, 1
56, 200, 3, 4
57, 200, 4, 3
58, 1, 3, 4
59, 1, 1, 3
60, 200, 4, 1
61, 10, 2, 3
62, 1, 1, 2
63, 10, 2, 1
64, 1, 1, 2
