Number, Frequency, Cell
1, 200, 6
2, 100, 7
3, 100, 4
4, 200, 7
5, 50, 8
6, 50, 0
7, 200, 2
8, 200, 6
9, 10, 0
10, 200, 4
11, 10, 0
12, 50, 6
13, 200, 4
14, 200, 6
15, 50, 5
16, 10, 1
17, 10, 8
18, 200, 3
19, 200, 4
20, 200, 8
21, 200, 4
22, 100, 7
23, 100, 2
24, 50, 0
25, 200, 3
26, 200, 2
27, 50, 0
28, 50, 6
29, 200, 7
30, 200, 5
31, 100, 7
32, 10, 2
33, 50, 6
34, 50, 1
35, 10, 0
36, 50, 1
37, 10, 8
38, 50, 5
39, 100, 7
40, 200, 3
41, 200, 7
42, 50, 2
43, 100, 0
44, 10, 6
45, 100, 2
46, 10, 3
47, 200, 6
48, 200, 7
49, 100, 5
50, 10, 3
51, 100, 5
52, 100, 1
53, 200, 8
54, 10, 4
55, 100, 3
56, 10, 1
57, 50, 0
58, 100, 3
59, 100, 2
60, 50, 1
61, 200, 8
62, 100, 1
63, 10, 6
64, 50, 3
65, 50, 5
66, 10, 2
67, 50, 5
68, 100, 4
69, 10, 6
70, 50, 1
71, 200, 8
72, 50, 4
73, 10, 8
74, 50, 4
75, 100, 5
76, 10, 7
77, 100, 0
78, 200, 1
79, 100, 6
80, 100, 0
81, 50, 8
82, 200, 0
83, 10, 6
84, 100, 1
85, 10, 5
86, 200, 1
87, 200, 3
88, 100, 4
89, 200, 5
90, 200, 0
91, 200, 1
92, 10, 5
93, 10, 3
94, 10, 5
95, 10, 8
96, 100, 3
97, 10, 0
98, 50, 7
99, 10, 5
100, 10, 7
101, 200, 5
102, 100, 0
103, 50, 3
104, 50, 8
105, 100, 1
106, 50, 4
107, 100, 5
108, 10, 2
109, 50, 3
110, 50, 8
111, 200, 5
112, 200, 1
113, 200, 2
114, 10, 4
115, 50, 6
116, 50, 3
117, 100, 6
118, 100, 8
119, 100, 3
120, 50, 4
121, 200, 2
122, 200, 0
123, 100, 4
124, 10, 2
125, 200, 0
126, 100, 8
127, 100, 2
128, 50, 7
129, 100, 6
130, 50, 2
131, 50, 7
132, 10, 1
133, 50, 7
134, 100, 8
135, 100, 6
136, 10, 1
137, 100, 8
138, 10, 7
139, 50, 2
140, 10, 4
141, 10, 7
142, 10, 4
143, 50, 2
144, 10, 3
