Number, Frequency, Cell, Response
1, 200, 4, 4
2, 200, 1, 1
3, 100, 7, 7
4, 10, 6, 6
5, 50, 7, 0
6, 50, 5, 5
7, 200, 0, 0
8, 200, 5, 5
9, 100, 7, 7
10, 100, 5, 5
11, 200, 2, 2
12, 200, 1, 1
13, 50, 0, 0
14, 50, 1, 1
15, 200, 6, 6
16, 10, 4, 7
17, 50, 7, 7
18, 10, 6, 6
19, 10, 5, 5
20, 100, 7, 7
21, 10, 3, 3
22, 100, 2, 2
23, 10, 6, 6
24, 200, 7, 7
25, 10, 2, 2
26, 50, 7, 7
27, 50, 4, 3
28, 100, 7, 7
29, 50, 2, 2
30, 10, 0, 0
31, 100, 2, 2
32, 100, 1, 1
33, 200, 5, 5
34, 200, 2, 2
35, 50, 6, 0
36, 50, 5, 5
37, 200, 6, 6
38, 100, 4, 3
39, 50, 7, 7
40, 200, 5, 5
41, 50, 2, 2
42, 200, 5, 8
43, 50, 3, 0
44, 200, 1, 1
45, 50, 8, 7
46, 200, 2, 2
47, 50, 0, 0
48, 50, 1, 1
49, 10, 5, 5
50, 100, 4, 7
51, 10, 0, 0
52, 50, 2, 2
53, 100, 8, 8
54, 100, 4, 4
55, 10, 1, 2
56, 10, 6, 0
57, 200, 1, 1
58, 10, 0, 0
59, 100, 8, 8
60, 50, 5, 5
61, 10, 8, 8
62, 200, 4, 3
63, 200, 7, 7
64, 100, 4, 3
65, 100, 1, 1
66, 200, 7, 7
67, 10, 3, 1
68, 50, 0, 0
69, 100, 6, 6
70, 200, 0, 0
71, 10, 8, 8
72, 10, 0, 0
73, 10, 3, 3
74, 50, 8, 0
75, 100, 3, 3
76, 50, 4, 4
77, 100, 8, 8
78, 50, 1, 5
79, 200, 6, 6
80, 200, 4, 3
81, 10, 5, 5
82, 200, 6, 6
83, 200, 3, 3
84, 50, 5, 5
85, 100, 3, 3
86, 50, 6, 7
87, 200, 0, 0
88, 100, 3, 3
89, 200, 8, 7
90, 100, 6, 6
91, 10, 4, 4
92, 50, 0, 0
93, 50, 2, 2
94, 100, 8, 8
95, 50, 3, 3
96, 50, 8, 8
97, 100, 3, 3
98, 50, 6, 6
99, 200, 2, 1
100, 200, 8, 8
101, 10, 7, 7
102, 100, 6, 6
103, 50, 8, 7
104, 50, 6, 5
105, 10, 1, 1
106, 10, 8, 7
107, 200, 7, 7
108, 200, 4, 3
109, 10, 8, 8
110, 100, 6, 6
111, 200, 0, 0
112, 200, 3, 3
113, 100, 0, 0
114, 200, 3, 3
115, 10, 4, 3
116, 10, 5, 5
117, 200, 3, 3
118, 50, 4, 3
119, 50, 3, 3
120, 100, 1, 1
121, 10, 3, 3
122, 200, 8, 7
123, 10, 2, 2
124, 200, 8, 8
125, 10, 4, 7
126, 100, 0, 0
127, 100, 5, 5
128, 50, 3, 2
129, 50, 4, 2
130, 100, 2, 2
131, 100, 1, 1
132, 10, 2, 2
133, 100, 5, 5
134, 100, 2, 0
135, 100, 0, 0
136, 10, 7, 7
137, 10, 1, 1
138, 100, 5, 5
139, 50, 1, 1
140, 10, 2, 2
141, 100, 0, 0
142, 10, 7, 7
143, 10, 1, 1
144, 10, 7, 7
