Number, Frequency, Cell
1, 200, 4
2, 200, 1
3, 100, 7
4, 10, 6
5, 50, 7
6, 50, 5
7, 200, 0
8, 200, 5
9, 100, 7
10, 100, 5
11, 200, 2
12, 200, 1
13, 50, 0
14, 50, 1
15, 200, 6
16, 10, 4
17, 50, 7
18, 10, 6
19, 10, 5
20, 100, 7
21, 10, 3
22, 100, 2
23, 10, 6
24, 200, 7
25, 10, 2
26, 50, 7
27, 50, 4
28, 100, 7
29, 50, 2
30, 10, 0
31, 100, 2
32, 100, 1
33, 200, 5
34, 200, 2
35, 50, 6
36, 50, 5
37, 200, 6
38, 100, 4
39, 50, 7
40, 200, 5
41, 50, 2
42, 200, 5
43, 50, 3
44, 200, 1
45, 50, 8
46, 200, 2
47, 50, 0
48, 50, 1
49, 10, 5
50, 100, 4
51, 10, 0
52, 50, 2
53, 100, 8
54, 100, 4
55, 10, 1
56, 10, 6
57, 200, 1
58, 10, 0
59, 100, 8
60, 50, 5
61, 10, 8
62, 200, 4
63, 200, 7
64, 100, 4
65, 100, 1
66, 200, 7
67, 10, 3
68, 50, 0
69, 100, 6
70, 200, 0
71, 10, 8
72, 10, 0
73, 10, 3
74, 50, 8
75, 100, 3
76, 50, 4
77, 100, 8
78, 50, 1
79, 200, 6
80, 200, 4
81, 10, 5
82, 200, 6
83, 200, 3
84, 50, 5
85, 100, 3
86, 50, 6
87, 200, 0
88, 100, 3
89, 200, 8
90, 100, 6
91, 10, 4
92, 50, 0
93, 50, 2
94, 100, 8
95, 50, 3
96, 50, 8
97, 100, 3
98, 50, 6
99, 200, 2
100, 200, 8
101, 10, 7
102, 100, 6
103, 50, 8
104, 50, 6
105, 10, 1
106, 10, 8
107, 200, 7
108, 200, 4
109, 10, 8
110, 100, 6
111, 200, 0
112, 200, 3
113, 100, 0
114, 200, 3
115, 10, 4
116, 10, 5
117, 200, 3
118, 50, 4
119, 50, 3
120, 100, 1
121, 10, 3
122, 200, 8
123, 10, 2
124, 200, 8
125, 10, 4
126, 100, 0
127, 100, 5
128, 50, 3
129, 50, 4
130, 100, 2
131, 100, 1
132, 10, 2
133, 100, 5
134, 100, 2
135, 100, 0
136, 10, 7
137, 10, 1
138, 100, 5
139, 50, 1
140, 10, 2
141, 100, 0
142, 10, 7
143, 10, 1
144, 10, 7
