Number, Frequency, Cell
1, 50, 5
2, 50, 7
3, 100, 6
4, 50, 2
5, 50, 6
6, 200, 3
7, 200, 5
8, 50, 6
9, 50, 3
10, 10, 7
11, 50, 1
12, 200, 5
13, 100, 3
14, 10, 4
15, 200, 3
16, 200, 6
17, 200, 2
18, 100, 0
19, 100, 3
20, 10, 2
21, 50, 4
22, 10, 7
23, 10, 4
24, 200, 0
25, 50, 6
26, 100, 8
27, 200, 2
28, 100, 6
29, 200, 1
30, 50, 0
31, 10, 8
32, 100, 1
33, 200, 3
34, 10, 5
35, 200, 7
36, 10, 2
37, 10, 7
38, 10, 4
39, 200, 7
40, 200, 5
41, 10, 3
42, 100, 2
43, 50, 0
44, 200, 4
45, 10, 3
46, 50, 0
47, 10, 5
48, 200, 1
49, 50, 2
50, 50, 4
51, 200, 8
52, 50, 1
53, 10, 0
54, 10, 1
55, 200, 2
56, 200, 7
57, 200, 6
58, 10, 7
59, 10, 6
60, 100, 8
61, 100, 6
62, 50, 2
63, 200, 8
64, 10, 4
65, 100, 1
66, 100, 2
67, 200, 0
68, 100, 4
69, 50, 5
70, 100, 4
71, 50, 8
72, 200, 4
73, 10, 5
74, 50, 7
75, 10, 0
76, 200, 4
77, 100, 8
78, 200, 0
79, 100, 4
80, 200, 6
81, 100, 8
82, 100, 2
83, 200, 4
84, 50, 7
85, 100, 3
86, 50, 8
87, 10, 0
88, 100, 5
89, 200, 3
90, 50, 6
91, 100, 4
92, 200, 6
93, 100, 0
94, 50, 2
95, 200, 8
96, 50, 0
97, 10, 6
98, 10, 1
99, 100, 0
100, 100, 3
101, 200, 7
102, 10, 0
103, 10, 1
104, 100, 7
105, 100, 2
106, 200, 1
107, 100, 7
108, 200, 8
109, 100, 0
110, 50, 4
111, 50, 7
112, 50, 5
113, 100, 7
114, 200, 0
115, 10, 2
116, 50, 3
117, 10, 6
118, 10, 3
119, 200, 1
120, 50, 5
121, 100, 1
122, 100, 7
123, 100, 6
124, 50, 4
125, 200, 2
126, 10, 1
127, 10, 8
128, 10, 6
129, 50, 8
130, 200, 5
131, 10, 2
132, 10, 8
133, 10, 5
134, 10, 3
135, 10, 8
136, 50, 1
137, 50, 8
138, 50, 1
139, 100, 5
140, 100, 1
141, 100, 5
142, 50, 3
143, 100, 5
144, 50, 3
