Number, Frequency, Cell, Response
1, 50, 5, 5
2, 50, 7, 7
3, 100, 6, 6
4, 50, 2, 2
5, 50, 6, 6
6, 200, 3, 3
7, 200, 5, 6
8, 50, 6, 6
9, 50, 3, 3
10, 10, 7, 7
11, 50, 1, 0
12, 200, 5, 5
13, 100, 3, 3
14, 10, 4, 4
15, 200, 3, 3
16, 200, 6, 5
17, 200, 2, 2
18, 100, 0, 0
19, 100, 3, 3
20, 10, 2, 2
21, 50, 4, 3
22, 10, 7, 7
23, 10, 4, 3
24, 200, 0, 0
25, 50, 6, 5
26, 100, 8, 8
27, 200, 2, 2
28, 100, 6, 5
29, 200, 1, 1
30, 50, 0, 0
31, 10, 8, 7
32, 100, 1, 1
33, 200, 3, 3
34, 10, 5, 5
35, 200, 7, 7
36, 10, 2, 2
37, 10, 7, 7
38, 10, 4, 7
39, 200, 7, 7
40, 200, 5, 5
41, 10, 3, 3
42, 100, 2, 2
43, 50, 0, 0
44, 200, 4, 7
45, 10, 3, 3
46, 50, 0, 0
47, 10, 5, 5
48, 200, 1, 1
49, 50, 2, 2
50, 50, 4, 4
51, 200, 8, 8
52, 50, 1, 1
53, 10, 0, 0
54, 10, 1, 1
55, 200, 2, 2
56, 200, 7, 7
57, 200, 6, 5
58, 10, 7, 7
59, 10, 6, 5
60, 100, 8, 8
61, 100, 6, 6
62, 50, 2, 2
63, 200, 8, 4
64, 10, 4, 3
65, 100, 1, 1
66, 100, 2, 2
67, 200, 0, 0
68, 100, 4, 7
69, 50, 5, 5
70, 100, 4, 3
71, 50, 8, 8
72, 200, 4, 3
73, 10, 5, 5
74, 50, 7, 6
75, 10, 0, 0
76, 200, 4, 4
77, 100, 8, 8
78, 200, 0, 0
79, 100, 4, 4
80, 200, 6, 6
81, 100, 8, 8
82, 100, 2, 2
83, 200, 4, 4
84, 50, 7, 8
85, 100, 3, 3
86, 50, 8, 7
87, 10, 0, 0
88, 100, 5, 5
89, 200, 3, 2
90, 50, 6, 6
91, 100, 4, 3
92, 200, 6, 6
93, 100, 0, 0
94, 50, 2, 2
95, 200, 8, 8
96, 50, 0, 0
97, 10, 6, 6
98, 10, 1, 1
99, 100, 0, 0
100, 100, 3, 3
101, 200, 7, 7
102, 10, 0, 0
103, 10, 1, 1
104, 100, 7, 7
105, 100, 2, 2
106, 200, 1, 1
107, 100, 7, 7
108, 200, 8, 2
109, 100, 0, 0
110, 50, 4, 0
111, 50, 7, 7
112, 50, 5, 8
113, 100, 7, 7
114, 200, 0, 0
115, 10, 2, 2
116, 50, 3, 3
117, 10, 6, 6
118, 10, 3, 3
119, 200, 1, 1
120, 50, 5, 6
121, 100, 1, 1
122, 100, 7, 7
123, 100, 6, 6
124, 50, 4, 3
125, 200, 2, 2
126, 10, 1, 4
127, 10, 8, 7
128, 10, 6, 7
129, 50, 8, 7
130, 200, 5, 5
131, 10, 2, 2
132, 10, 8, 7
133, 10, 5, 7
134, 10, 3, 3
135, 10, 8, 8
136, 50, 1, 1
137, 50, 8, 8
138, 50, 1, 1
139, 100, 5, 5
140, 100, 1, 1
141, 100, 5, 5
142, 50, 3, 3
143, 100, 5, 7
144, 50, 3, 3
